int_down,pay_freq,year,principal,interest,other,total_payment,balance,loan_paid_to_date,,
55_25,year,2020.00,5051.59,20498.92,0.00,25550.51,369948.41,0.01,,
55_25,year,2021.00,5336.53,20213.97,0.00,25550.51,364611.88,0.03,,
55_25,year,2022.00,5637.56,19912.95,0.00,25550.51,358974.32,0.04,,
55_25,year,2023.00,5955.56,19594.95,0.00,25550.51,353018.76,0.06,,
55_25,year,2024.00,6291.50,19259.01,0.00,25550.51,346727.26,0.08,,
55_25,year,2025.00,6646.39,18904.11,0.00,25550.51,340080.87,0.09,,
55_25,year,2026.00,7021.30,18529.21,0.00,25550.51,333059.57,0.11,,
55_25,year,2027.00,7417.36,18133.15,0.00,25550.51,325642.22,0.13,,
55_25,year,2028.00,7835.75,17714.75,0.00,25550.51,317806.47,0.15,,
55_25,year,2029.00,8277.75,17272.75,0.00,25550.51,309528.72,0.17,,
55_25,year,2030.00,8744.68,16805.82,0.00,25550.51,300784.04,0.20,,
55_25,year,2031.00,9237.95,16312.56,0.00,25550.51,291546.09,0.22,,
55_25,year,2032.00,9759.04,15791.46,0.00,25550.51,281787.04,0.25,,
55_25,year,2033.00,10309.53,15240.98,0.00,25550.51,271477.52,0.28,,
55_25,year,2034.00,10891.07,14659.44,0.00,25550.51,260586.45,0.31,,
55_25,year,2035.00,11505.41,14045.10,0.00,25550.51,249081.04,0.34,,
55_25,year,2036.00,12154.40,13396.10,0.00,25550.51,236926.63,0.37,,
55_25,year,2037.00,12840.01,12710.50,0.00,25550.51,224086.63,0.40,,
55_25,year,2038.00,13564.29,11986.22,0.00,25550.51,210522.34,0.44,,
55_25,year,2039.00,14329.42,11221.09,0.00,25550.51,196192.92,0.48,,
55_25,year,2040.00,15137.71,10412.79,0.00,25550.51,181055.21,0.52,,
55_25,year,2041.00,15991.60,9558.91,0.00,25550.51,165063.62,0.56,,
55_25,year,2042.00,16893.65,8656.86,0.00,25550.51,148169.97,0.60,,
55_25,year,2043.00,17846.58,7703.92,0.00,25550.51,130323.39,0.65,,
55_25,year,2044.00,18853.27,6697.24,0.00,25550.51,111470.12,0.70,,
55_25,year,2045.00,19916.74,5633.76,0.00,25550.51,91553.37,0.76,,
55_25,year,2046.00,21040.20,4510.30,0.00,25550.51,70513.17,0.81,,
55_25,year,2047.00,22227.04,3323.47,0.00,25550.51,48286.13,0.87,,
55_25,year,2048.00,23480.82,2069.69,0.00,25550.51,24805.32,0.93,,
55_25,year,2049.00,24805.32,745.19,0.00,25550.51,0.00,1.00,,
55_25,biweekly,2020.00,7531.11,21213.21,0.00,28744.32,367468.89,0.02,,
55_25,biweekly,2021.00,7669.80,20009.91,0.00,27679.71,359799.08,0.04,,
55_25,biweekly,2022.00,8102.99,19576.73,0.00,27679.71,351696.10,0.06,,
55_25,biweekly,2023.00,8560.64,19119.07,0.00,27679.71,343135.46,0.09,,
55_25,biweekly,2024.00,9044.14,18635.58,0.00,27679.71,334091.32,0.11,,
55_25,biweekly,2025.00,9554.94,18124.77,0.00,27679.71,324536.37,0.13,,
55_25,biweekly,2026.00,10094.60,17585.11,0.00,27679.71,314441.78,0.16,,
55_25,biweekly,2027.00,10664.73,17014.98,0.00,27679.71,303777.04,0.19,,
55_25,biweekly,2028.00,11267.07,16412.64,0.00,27679.71,292509.97,0.22,,
55_25,biweekly,2029.00,11903.43,15776.29,0.00,27679.71,280606.54,0.25,,
55_25,biweekly,2030.00,12575.72,15103.99,0.00,27679.71,268030.82,0.29,,
55_25,biweekly,2031.00,13811.71,14932.61,0.00,28744.32,254219.11,0.32,,
55_25,biweekly,2032.00,14066.07,13613.65,0.00,27679.71,240153.04,0.36,,
55_25,biweekly,2033.00,14860.51,12819.21,0.00,27679.71,225292.54,0.40,,
55_25,biweekly,2034.00,15699.82,11979.90,0.00,27679.71,209592.72,0.44,,
55_25,biweekly,2035.00,16586.53,11093.18,0.00,27679.71,193006.19,0.49,,
55_25,biweekly,2036.00,17523.32,10156.39,0.00,27679.71,175482.87,0.53,,
55_25,biweekly,2037.00,18513.03,9166.69,0.00,27679.71,156969.84,0.58,,
55_25,biweekly,2038.00,19558.63,8121.08,0.00,27679.71,137411.21,0.63,,
55_25,biweekly,2039.00,20663.29,7016.43,0.00,27679.71,116747.92,0.69,,
55_25,biweekly,2040.00,21830.33,5849.38,0.00,27679.71,94917.59,0.75,,
55_25,biweekly,2041.00,23063.29,4616.42,0.00,27679.71,71854.29,0.81,,
55_25,biweekly,2042.00,25330.04,3414.28,0.00,28744.32,46524.25,0.88,,
55_25,biweekly,2043.00,25796.51,1883.20,0.00,27679.71,20727.74,0.94,,
55_25,biweekly,2044.00,20727.74,461.42,0.00,21189.16,0.00,1.00,,
55_20,year,2020.00,5388.36,21865.51,0.00,27253.87,394611.64,0.01,,
55_20,year,2021.00,5692.30,21561.57,0.00,27253.87,388919.34,0.03,,
55_20,year,2022.00,6013.39,21240.48,0.00,27253.87,382905.94,0.04,,
55_20,year,2023.00,6352.60,20901.28,0.00,27253.87,376553.35,0.06,,
55_20,year,2024.00,6710.93,20542.94,0.00,27253.87,369842.41,0.08,,
55_20,year,2025.00,7089.48,20164.39,0.00,27253.87,362752.93,0.09,,
55_20,year,2026.00,7489.39,19764.49,0.00,27253.87,355263.55,0.11,,
55_20,year,2027.00,7911.85,19342.03,0.00,27253.87,347351.70,0.13,,
55_20,year,2028.00,8358.14,18895.74,0.00,27253.87,338993.56,0.15,,
55_20,year,2029.00,8829.60,18424.27,0.00,27253.87,330163.96,0.17,,
55_20,year,2030.00,9327.66,17926.21,0.00,27253.87,320836.31,0.20,,
55_20,year,2031.00,9853.81,17400.06,0.00,27253.87,310982.49,0.22,,
55_20,year,2032.00,10409.64,16844.23,0.00,27253.87,300572.85,0.25,,
55_20,year,2033.00,10996.83,16257.04,0.00,27253.87,289576.02,0.28,,
55_20,year,2034.00,11617.14,15636.73,0.00,27253.87,277958.88,0.31,,
55_20,year,2035.00,12272.44,14981.44,0.00,27253.87,265686.44,0.34,,
55_20,year,2036.00,12964.70,14289.17,0.00,27253.87,252721.74,0.37,,
55_20,year,2037.00,13696.01,13557.86,0.00,27253.87,239025.73,0.40,,
55_20,year,2038.00,14468.57,12785.30,0.00,27253.87,224557.16,0.44,,
55_20,year,2039.00,15284.71,11969.16,0.00,27253.87,209272.45,0.48,,
55_20,year,2040.00,16146.89,11106.98,0.00,27253.87,193125.56,0.52,,
55_20,year,2041.00,17057.70,10196.17,0.00,27253.87,176067.86,0.56,,
55_20,year,2042.00,18019.89,9233.98,0.00,27253.87,158047.97,0.60,,
55_20,year,2043.00,19036.35,8217.52,0.00,27253.87,139011.61,0.65,,
55_20,year,2044.00,20110.15,7143.72,0.00,27253.87,118901.46,0.70,,
55_20,year,2045.00,21244.53,6009.35,0.00,27253.87,97656.93,0.76,,
55_20,year,2046.00,22442.88,4810.99,0.00,27253.87,75214.05,0.81,,
55_20,year,2047.00,23708.84,3545.03,0.00,27253.87,51505.21,0.87,,
55_20,year,2048.00,25046.20,2207.67,0.00,27253.87,26459.01,0.93,,
55_20,year,2049.00,26459.01,794.87,0.00,27253.87,0.00,1.00,,
55_20,biweekly,2020.00,8033.19,22627.42,0.00,30660.61,391966.81,0.02,,
55_20,biweekly,2021.00,8181.12,21343.90,0.00,29525.03,383785.69,0.04,,
55_20,biweekly,2022.00,8643.19,20881.84,0.00,29525.03,375142.50,0.06,,
55_20,biweekly,2023.00,9131.35,20393.68,0.00,29525.03,366011.15,0.09,,
55_20,biweekly,2024.00,9647.08,19877.95,0.00,29525.03,356364.07,0.11,,
55_20,biweekly,2025.00,10191.94,19333.09,0.00,29525.03,346172.13,0.13,,
55_20,biweekly,2026.00,10767.57,18757.46,0.00,29525.03,335404.56,0.16,,
55_20,biweekly,2027.00,11375.72,18149.31,0.00,29525.03,324028.84,0.19,,
55_20,biweekly,2028.00,12018.21,17506.82,0.00,29525.03,312010.63,0.22,,
55_20,biweekly,2029.00,12696.99,16828.04,0.00,29525.03,299313.65,0.25,,
55_20,biweekly,2030.00,13414.10,16110.92,0.00,29525.03,285899.54,0.29,,
55_20,biweekly,2031.00,14732.49,15928.11,0.00,30660.61,271167.05,0.32,,
55_20,biweekly,2032.00,15003.80,14521.22,0.00,29525.03,256163.25,0.36,,
55_20,biweekly,2033.00,15851.21,13673.82,0.00,29525.03,240312.04,0.40,,
55_20,biweekly,2034.00,16746.47,12778.56,0.00,29525.03,223565.57,0.44,,
55_20,biweekly,2035.00,17692.30,11832.73,0.00,29525.03,205873.27,0.49,,
55_20,biweekly,2036.00,18691.55,10833.48,0.00,29525.03,187181.72,0.53,,
55_20,biweekly,2037.00,19747.23,9777.80,0.00,29525.03,167434.49,0.58,,
55_20,biweekly,2038.00,20862.54,8662.49,0.00,29525.03,146571.95,0.63,,
55_20,biweekly,2039.00,22040.84,7484.19,0.00,29525.03,124531.11,0.69,,
55_20,biweekly,2040.00,23285.69,6239.34,0.00,29525.03,101245.42,0.75,,
55_20,biweekly,2041.00,24600.85,4924.18,0.00,29525.03,76644.58,0.81,,
55_20,biweekly,2042.00,27018.71,3641.90,0.00,30660.61,49625.87,0.88,,
55_20,biweekly,2043.00,27516.28,2008.75,0.00,29525.03,22109.59,0.94,,
55_20,biweekly,2044.00,22109.59,492.18,0.00,22601.77,0.00,1.00,,